1 20130610225412474 32
2 20130610225412475 31
3 20130610225409949 31
4 20130610225605332 30
5 20130610225410949 29
6 20130610225441216 28
7 20130610225303654 28
8 20130610225611958 27
9 20130610225411000 27
10 20130608000108595 27
11 20130610225409948 27
12 20130611215203248 26
13 20130610225308294 26
14 20130610224103251 26
15 20130610225803218 26
16 20130610225602988 26
17 20130610225510524 26
18 20130608000108521 26
19 20130610225602989 25
20 20130610225410950 25
21 20130610225414515 25
22 20130611201404845 25
23 20130610225603372 25
24 20130611201408224 25
25 20130610225410472 25
26 20130610225411516 25
27 20130610225511450 25
28 20130610225603609 25
29 20130610225604865 25
30 20130610225410622 25
31 20130610225607137 25
32 20130610225602990 25
33 20130610225703204 25
34 20130610225409693 25
35 20130610225411076 25
36 20130610225410887 25
37 20130608000107269 25
38 20130610225304871 25
39 20130610225411859 25
40 20130608000108777 24
41 20130610225409839 24
42 20130610225410104 24
43 20130610225311467 24
44 20130608000108702 24
45 20130610225610044 24
46 20130610225603534 24
47 20130610225803124 24
48 20130610220904289 24
49 20130612000104293 24
50 20130608000108725 24
51 20130610220906613 24
52 20130610225311445 24
53 20130610225410657 24
54 20130610225602933 24
55 20130608000108724 24
56 20130610225603608 24
57 20130610225803126 24
58 20130610225509690 24
59 20130608000108703 23
60 20130610225703190 23
61 20130608000108001 23
62 20130608000108597 23
63 20130610000112488 23
64 20130610225303629 23
65 20130610225410743 23
66 20130610225410029 23
67 20130610225404613 23
68 20130609000112561 23
69 20130610225403554 23
70 20130611215204303 23
71 20130610225603654 23
72 20130612000111893 23
73 20130608000105361 23
74 20130610225903248 23
75 20130609000113355 23
76 20130608000109439 23
77 20130610225509149 23
78 20130610225410028 23
79 20130608000110003 23
80 20130610233001933 23
81 20130611215206137 23
82 20130610225609455 23
83 20130610225603476 23
84 20130610225603179 23
85 20130610225903247 23
86 20130608000109234 23
87 20130608000109858 23
88 20130609223204874 23
89 20130610220903518 23
90 20130610225603026 23
91 20130610225803219 23
92 20130610225509046 23
93 20130610225511605 23
94 20130610225414516 23
95 20130608000108220 22
96 20130610225603850 22
97 20130610225304052 22
98 20130610225604977 22
99 20130610225303752 22
100 20130610225509831 22
